"A1" : (13.5, 10.5, 0.03, 1.57),
"B1" : (13.5, 7.5, 0.03, 1.57),
"C1" : (13.5, 4.5, 0.03, 1.57),
"D1" : (13.5, 1.5, 0.03, 1.57),
"E1" : (13.5, -1.5, 0.03, 1.57),
"F1" : (13.5, -4.5, 0.03, 1.57),
"G1" : (13.5, -7.5, 0.03, 1.57),
"H1" : (13.5, -10.5, 0.03, 1.57),
"A2" : (16.5, 10.5, 0.03, 1.57),
"B2" : (16.5, 7.5, 0.03, 1.57),
"C2" : (16.5, 4.5, 0.03, 1.57),
"D2" : (16.5, 1.5, 0.03, 1.57),
"E2" : (16.5, -1.5, 0.03, 1.57),
"F2" : (16.5, -4.5, 0.03, 1.57),
"G2" : (16.5, -7.5, 0.03, 1.57),
"H2" : (16.5, -10.5, 0.03, 1.57),
"A3" : (19.5, 10.5, 0.03, 1.57),
"B3" : (19.5, 7.5, 0.03, 1.57),
"C3" : (19.5, 4.5, 0.03, 1.57),
"D3" : (19.5, 1.5, 0.03, 1.57),
"E3" : (19.5, -1.5, 0.03, 1.57),
"F3" : (19.5, -4.5, 0.03, 1.57),
"G3" : (19.5, -7.5, 0.03, 1.57),
"H3" : (19.5, -10.5, 0.03, 1.57),
"A4" : (22.5, 10.5, 0.03, 1.57),
"B4" : (22.5, 7.5, 0.03, 1.57),
"C4" : (22.5, 4.5, 0.03, 1.57),
"D4" : (22.5, 1.5, 0.03, 1.57),
"E4" : (22.5, -1.5, 0.03, 1.57),
"F4" : (22.5, -4.5, 0.03, 1.57),
"G4" : (22.5, -7.5, 0.03, 1.57),
"H4" : (22.5, -10.5, 0.03, 1.57),
"A5" : (25.5, 10.5, 0.03, 1.57),
"B5" : (25.5, 7.5, 0.03, 1.57),
"C5" : (25.5, 4.5, 0.03, 1.57),
"D5" : (25.5, 1.5, 0.03, 1.57),
"E5" : (25.5, -1.5, 0.03, 1.57),
"F5" : (25.5, -4.5, 0.03, 1.57),
"G5" : (25.5, -7.5, 0.03, 1.57),
"H5" : (25.5, -10.5, 0.03, 1.57),
"A6" : (28.5, 10.5, 0.03, 1.53),
"B6" : (28.5, 7.5, 0.03, 1.57),
"C6" : (28.5, 4.5, 0.03, 1.57),
"D6" : (28.5, 1.5, 0.03, 1.53),
"E6" : (28.5, -1.5, 0.03, 1.53),
"F6" : (28.5, -4.5, 0.03, 1.57),
"G6" : (28.5, -7.5, 0.03, 1.57),
"H6" : (28.5, -10.5, 0.03, 1.53),
"A7" : (31.5, 10.5, 0.03, 1.3499999999999999),
"B7" : (31.5, 7.5, 0.03, 1.4),
"C7" : (31.5, 4.5, 0.03, 1.44),
"D7" : (31.5, 1.5, 0.03, 1.45),
"E7" : (31.5, -1.5, 0.03, 1.45),
"F7" : (31.5, -4.5, 0.03, 1.44),
"G7" : (31.5, -7.5, 0.03, 1.4),
"H7" : (31.5, -10.5, 0.03, 1.3499999999999999),
"A8" : (34.5, 10.5, 0.03, 1.1799999999999997),
"B8" : (34.5, 7.5, 0.03, 1.2199999999999998),
"C8" : (34.5, 4.5, 0.03, 1.2599999999999998),
"D8" : (34.5, 1.5, 0.03, 1.2699999999999998),
"E8" : (34.5, -1.5, 0.03, 1.2699999999999998),
"F8" : (34.5, -4.5, 0.03, 1.2599999999999998),
"G8" : (34.5, -7.5, 0.03, 1.2199999999999998),
"H8" : (34.5, -10.5, 0.03, 1.1799999999999997),
